(150.37044, 150.13164)(0.0, 0.0)(151.39241, 152.84001)(0.0, 0.0)(151.58664, 252.49469)(0.0, 0.0)(150.72646, 250.94133)(0.0, 0.0)(250.13394, 152.11357)(0.0, 0.0)(251.10922, 152.6937)(0.0, 0.0)(252.38503, 251.86021)(0.0, 0.0)(252.35712, 250.50447)(0.0, 0.0)
(150.27309, 150.03741)(-0.097342685, -0.09423232)(151.46594, 152.83662)(0.07354375, -0.0034100413)(151.5141, 252.57234)(-0.07256458, 0.077653125)(150.65923, 250.99628)(-0.06721206, 0.054929603)(250.05038, 152.13927)(-0.08352139, 0.025673306)(251.20857, 152.69022)(0.09932231, -0.0035024048)(252.35033, 251.82344)(-0.03467938, -0.036786973)(252.27194, 250.5233)(-0.08517032, 0.018839156)
(150.18048, 149.87454)(-0.09258476, -0.16287297)(151.52246, 152.80957)(0.056516025, -0.027042126)(151.49802, 252.73091)(-0.016078688, 0.15858653)(150.6524, 251.11859)(-0.0068420805, 0.12231122)(250.05148, 152.19684)(0.0010706559, 0.057549275)(251.31705, 152.70984)(0.10849342, 0.01965914)(252.40259, 251.76271)(0.052249182, -0.060708843)(252.22476, 250.4489)(-0.047204237, -0.07441107)
(150.33292, 149.24294)(0.15243268, -0.63157475)(151.53813, 152.82716)(0.015670333, 0.017593944)(151.65855, 253.9325)(0.16050878, 1.2015932)(150.58218, 251.23453)(-0.0702216, 0.11593433)(249.9932, 152.2587)(-0.058311593, 0.06186502)(251.46935, 152.79637)(0.15232384, 0.08652732)(252.23065, 251.8469)(-0.17193022, 0.08419196)(252.20677, 250.4246)(-0.017957918, -0.024301268)
(150.6317, 148.57681)(0.29880857, -0.6661105)(151.67792, 152.73401)(0.13976954, -0.09314428)(151.74744, 255.77441)(0.088873655, 1.8419238)(150.46202, 251.49553)(-0.120138295, 0.26102898)(249.9352, 152.44623)(-0.057966944, 0.18755393)(251.56717, 152.87422)(0.09780444, 0.07783265)(251.57149, 252.07068)(-0.65916884, 0.22376212)(251.77791, 250.03482)(-0.4288845, -0.38979906)
(151.1553, 147.51994)(0.52359134, -1.0568416)(151.92278, 152.69598)(0.24486154, -0.03802979)(151.74127, 257.6854)(-0.006171282, 1.91099)(150.24017, 251.73238)(-0.22185904, 0.23683813)(249.7399, 152.83638)(-0.19527459, 0.39015493)(251.9362, 153.46193)(0.3690585, 0.5877178)(250.541, 252.36351)(-1.0304763, 0.29283574)(251.12943, 249.40079)(-0.6484648, -0.6340024)
(151.9078, 146.3344)(0.75253624, -1.1855634)(152.27368, 152.67223)(0.35089028, -0.023765173)(151.72375, 259.59634)(-0.017509611, 1.9109197)(149.96815, 252.08957)(-0.27201954, 0.3572101)(249.42996, 153.50392)(-0.3099088, 0.6675604)(252.45134, 154.37451)(0.5151148, 0.91260475)(249.18675, 252.68196)(-1.354258, 0.3184426)(250.42062, 248.68552)(-0.7087763, -0.71523756)
(152.74887, 144.93399)(0.84103715, -1.4004275)(152.64078, 152.6548)(0.36710322, -0.017444175)(151.60773, 261.50378)(-0.11602389, 1.9074746)(149.6963, 252.43073)(-0.27184248, 0.34113014)(248.96353, 154.38893)(-0.46639735, 0.885029)(253.10367, 155.4648)(0.6523204, 1.090292)(247.58658, 252.93459)(-1.6001838, 0.2526322)(249.56776, 247.899)(-0.8528835, -0.786543)
(153.66739, 143.5443)(0.91848785, -1.3896631)(153.13405, 152.67847)(0.49329543, 0.02368534)(151.50185, 263.41183)(-0.10588172, 1.9080645)(149.44188, 252.88403)(-0.25441378, 0.45331347)(248.37688, 155.41847)(-0.5866167, 1.0295559)(253.89032, 156.76308)(0.78667784, 1.2982877)(245.84607, 253.14886)(-1.7404823, 0.21429002)(248.54523, 246.98776)(-1.0225264, -0.911217)
(154.71371, 142.17078)(1.0463611, -1.3735275)(153.59569, 152.72403)(0.4616518, 0.045568466)(151.4583, 265.32236)(-0.043539915, 1.9105041)(149.15176, 253.40471)(-0.29012698, 0.520669)(247.79927, 156.60005)(-0.57761735, 1.1815974)(254.68254, 158.283)(0.79222584, 1.5199482)(243.95412, 253.41797)(-1.891958, 0.26910213)(247.35442, 246.1233)(-1.1908065, -0.8644909)
(155.81114, 140.66347)(1.0973973, -1.5073073)(154.06113, 152.8346)(0.46542278, 0.1105897)(151.44151, 267.2333)(-0.016797531, 1.9109261)(148.82523, 253.93515)(-0.32650065, 0.53042877)(247.10849, 157.79027)(-0.6907602, 1.1902257)(255.55632, 159.86427)(0.8737618, 1.5812539)(242.05356, 253.6176)(-1.9005442, 0.19963247)(246.17754, 245.23494)(-1.1768982, -0.8883556)
(156.97006, 139.20204)(1.1589112, -1.4614136)(154.49548, 152.83324)(0.4343286, -0.001363378)(151.36177, 269.1426)(-0.07975724, 1.9093349)(148.46838, 254.42177)(-0.35681242, 0.4865801)(246.40352, 159.0587)(-0.70500493, 1.268418)(256.3518, 161.59904)(0.7954787, 1.7347859)(240.15228, 253.80989)(-1.9013026, 0.19227457)(244.95692, 244.2785)(-1.2206196, -0.9564157)
(158.20438, 137.80711)(1.2342781, -1.3949201)(155.03835, 152.77365)(0.5428584, -0.059604466)(151.34381, 271.0535)(-0.01794911, 1.9109159)(148.1102, 254.99216)(-0.35818085, 0.5704076)(245.78949, 160.45459)(-0.6140125, 1.3958794)(257.12772, 163.34546)(0.7758983, 1.746397)(238.2443, 253.91722)(-1.9079827, 0.10734398)(243.7526, 243.27875)(-1.2043141, -0.99975663)
(159.48738, 136.39088)(1.2830292, -1.4162476)(155.63239, 152.73854)(0.59404904, -0.0351353)(151.26097, 272.95007)(-0.082846455, 1.8966022)(147.65726, 255.62608)(-0.4529684, 0.63389826)(245.2145, 161.96713)(-0.5749974, 1.5125446)(257.8611, 165.1101)(0.73344076, 1.7646489)(236.33615, 254.02225)(-1.9081126, 0.10500996)(242.52104, 242.28868)(-1.2315238, -0.9900725)
(160.84026, 135.0412)(1.3528914, -1.3496687)(156.35004, 152.60542)(0.71764654, -0.13309853)(151.23842, 274.86093)(-0.02256472, 1.9108669)(147.301, 256.29932)(-0.3562267, 0.67322)(244.66846, 163.46187)(-0.5460201, 1.4947062)(258.55457, 166.89084)(0.69349056, 1.7807279)(234.42552, 254.05812)(-1.9106628, 0.035902947)(241.26645, 241.32828)(-1.254606, -0.9604246)
(162.14294, 133.643)(1.3026764, -1.3981972)(157.08594, 152.43893)(0.7359056, -0.16648053)(151.19888, 276.77155)(-0.039518986, 1.9105912)(146.89592, 257.09384)(-0.40510783, 0.79452384)(244.04666, 165.04326)(-0.6217959, 1.5813999)(259.27292, 168.66171)(0.71834195, 1.7708489)(232.51524, 254.11015)(-1.9102911, 0.052054424)(239.98448, 240.32658)(-1.2820027, -1.0016656)
(163.4133, 132.21538)(1.2703589, -1.4276236)(157.91408, 152.14848)(0.8281361, -0.2904763)(151.1351, 278.6815)(-0.063747756, 1.9099364)(146.49522, 258.01984)(-0.40070876, 0.92596793)(243.5169, 166.58803)(-0.5297235, 1.5447526)(259.90057, 170.46114)(0.6276126, 1.7993912)(230.64354, 254.04646)(-1.8717215, -0.06370189)(238.71594, 239.3084)(-1.2685543, -1.0182074)
(164.73924, 130.83922)(1.3259126, -1.3761822)(158.75296, 151.88228)(0.8389001, -0.26621768)(151.02751, 280.58948)(-0.10761629, 1.9079674)(146.04016, 258.97537)(-0.45507744, 0.95552176)(242.95593, 168.1863)(-0.5609698, 1.5982864)(260.46378, 172.28725)(0.56320167, 1.826123)(228.73442, 253.96202)(-1.9091344, -0.08442175)(237.45493, 238.33508)(-1.2610135, -0.9733215)
(166.04582, 129.44466)(1.3065575, -1.3945712)(159.52904, 151.58873)(0.77610165, -0.29352593)(150.98245, 282.4741)(-0.045081835, 1.8846279)(145.62897, 259.88672)(-0.41119352, 0.9113696)(242.36952, 169.87941)(-0.5864039, 1.6931359)(261.05536, 174.08334)(0.59159994, 1.7961053)(226.82791, 253.83138)(-1.9065278, -0.13066398)(236.08488, 237.3011)(-1.3700656, -1.0339843)
(167.32816, 128.12375)(1.2823191, -1.3208942)(160.38403, 151.18864)(0.8549761, -0.40010807)(150.97371, 284.30798)(-0.008714171, 1.8338747)(145.1259, 260.75003)(-0.5030676, 0.8633136)(241.69841, 171.57016)(-0.6711003, 1.6907647)(261.64734, 175.90038)(0.59198046, 1.8169976)(224.92897, 253.61674)(-1.8989108, -0.21461299)(234.62764, 236.22406)(-1.4572592, -1.0770315)
(168.62181, 126.77316)(1.2936856, -1.3506151)(161.26736, 150.74603)(0.8833352, -0.4426232)(151.03479, 286.13156)(0.061098732, 1.8235881)(144.6138, 261.58313)(-0.51210994, 0.83312637)(241.12529, 173.39322)(-0.5731343, 1.82303)(262.24988, 177.71391)(0.6025481, 1.8135204)(223.03427, 253.36757)(-1.8946824, -0.24919683)(233.14778, 235.1182)(-1.4798492, -1.1058711)
(169.85706, 125.39857)(1.2352357, -1.3746262)(162.09613, 150.26926)(0.8287926, -0.4767815)(151.1611, 287.89066)(0.12631175, 1.7590673)(144.01834, 262.55603)(-0.59542817, 0.97291297)(240.66086, 175.24689)(-0.46445152, 1.8537006)(262.87134, 179.52106)(0.6214751, 1.807122)(221.13835, 253.12816)(-1.8959453, -0.23940055)(231.56004, 234.05466)(-1.5877261, -1.0635068)
(171.13213, 123.97514)(1.2750751, -1.4234132)(163.0498, 149.71152)(0.95367414, -0.55776846)(151.33089, 289.57425)(0.1697614, 1.6836183)(143.43398, 263.58276)(-0.58434105, 1.0267195)(240.29857, 177.07808)(-0.36231974, 1.8311961)(263.53397, 181.31349)(0.6626267, 1.7924417)(219.25168, 252.82433)(-1.886689, -0.3038514)(229.96716, 232.99895)(-1.5928993, -1.0557425)
(172.3502, 122.525055)(1.2180568, -1.4501071)(163.93486, 149.0288)(0.8850628, -0.6827606)(151.38977, 291.34198)(0.058891896, 1.7677598)(142.94539, 264.63055)(-0.4885721, 1.0477777)(240.0178, 178.96832)(-0.28077188, 1.8902614)(264.20627, 183.1023)(0.672328, 1.7888254)(217.36441, 252.57877)(-1.8873007, -0.24556911)(228.39104, 231.91833)(-1.5761253, -1.0806249)
(173.67307, 121.1459)(1.3228471, -1.3791288)(164.77425, 148.40138)(0.8393665, -0.6274277)(151.46594, 293.10434)(0.0761794, 1.7623603)(142.5247, 265.7507)(-0.42067477, 1.1201416)(239.68881, 180.85078)(-0.3290173, 1.8824635)(264.88263, 184.88962)(0.6763285, 1.7873166)(215.4676, 252.34596)(-1.8967696, -0.23277903)(226.83138, 230.81412)(-1.5596843, -1.1042219)
(175.00038, 119.77102)(1.3272868, -1.3748567)(165.69206, 147.65285)(0.9178364, -0.74851525)(151.47206, 294.94266)(0.006113355, 1.8382725)(142.13739, 267.00467)(-0.3873239, 1.2539419)(239.28596, 182.71881)(-0.40288025, 1.8680495)(265.44205, 186.71693)(0.5594317, 1.8272814)(213.64084, 252.15605)(-1.8267504, -0.1898934)(225.3658, 229.58769)(-1.4655608, -1.2263981)
(176.35847, 118.426575)(1.3581085, -1.3444189)(166.60379, 146.91522)(0.911711, -0.7376136)(151.53398, 296.77985)(0.06193869, 1.8372171)(141.83699, 268.2984)(-0.3004036, 1.2937657)(238.82803, 184.57414)(-0.45791036, 1.8553271)(265.99057, 188.54749)(0.5485681, 1.830572)(211.74846, 251.89018)(-1.8924121, -0.26589063)(223.96837, 228.38431)(-1.3974217, -1.2033955)
(177.71732, 117.15935)(1.3588583, -1.267224)(167.46762, 146.1078)(0.8638614, -0.8074241)(151.59152, 298.53583)(0.057530664, 1.7559924)(141.52869, 269.7337)(-0.3082896, 1.4353124)(238.4193, 186.44093)(-0.40870956, 1.8667828)(266.44034, 190.32614)(0.4497416, 1.7786618)(209.87115, 251.59506)(-1.8773183, -0.29513186)(222.64934, 227.07436)(-1.3190389, -1.3099208)
(179.12161, 115.907104)(1.4043314, -1.252259)(168.42413, 145.16664)(0.9564892, -0.9411403)(151.62195, 300.26865)(0.03039887, 1.7328304)(141.16545, 271.124)(-0.3632415, 1.3902802)(238.01195, 188.30553)(-0.40736213, 1.864611)(266.91418, 192.07404)(0.47386825, 1.7478712)(208.04448, 251.33438)(-1.8266727, -0.2607158)(221.3266, 225.69513)(-1.3227562, -1.3792161)
(180.53656, 114.622665)(1.4149721, -1.2844356)(169.46489, 144.17926)(1.0407561, -0.9873593)(151.54462, 302.10876)(-0.07732667, 1.8400948)(140.79268, 272.52625)(-0.37279356, 1.402222)(237.52187, 190.15263)(-0.49009538, 1.8470864)(267.29492, 193.9352)(0.3807466, 1.8611584)(206.18025, 251.07912)(-1.8642486, -0.25523254)(220.04416, 224.27835)(-1.2824346, -1.4167861)
(181.87737, 113.42838)(1.340802, -1.1942985)(170.4714, 143.07133)(1.0065053, -1.1079289)(151.55, 303.8632)(0.005386682, 1.7544152)(140.33533, 273.93643)(-0.4573414, 1.4101962)(236.9549, 191.96843)(-0.56696194, 1.8157735)(267.55496, 195.81982)(0.26004016, 1.884649)(204.29814, 250.74799)(-1.8820956, -0.33111537)(218.78473, 222.84106)(-1.259456, -1.4372514)
(183.29663, 112.16047)(1.4192495, -1.2679368)(171.49246, 141.82645)(1.0210319, -1.2448967)(151.58983, 305.67557)(0.03983903, 1.8124015)(139.93918, 275.43936)(-0.39615503, 1.5029663)(236.41296, 193.744)(-0.54193354, 1.7755597)(267.7569, 197.64949)(0.20196185, 1.8296607)(202.42693, 250.44441)(-1.8712236, -0.30357924)(217.58853, 221.36604)(-1.1961972, -1.4750239)
(184.66072, 110.98432)(1.3640924, -1.1761385)(172.61067, 140.56151)(1.1182411, -1.2649124)(151.65195, 307.5068)(0.062099498, 1.8312826)(139.48848, 277.06345)(-0.45073304, 1.6241156)(235.81718, 195.48624)(-0.59577984, 1.7422131)(267.9248, 199.51802)(0.16790625, 1.8685476)(200.5625, 250.02515)(-1.8644428, -0.41925412)(216.42308, 219.97633)(-1.1654196, -1.3897008)
(186.07814, 109.87818)(1.4174409, -1.1061288)(173.70973, 139.22217)(1.0990816, -1.3393608)(151.79211, 309.3929)(0.14012942, 1.8860664)(138.99994, 278.75684)(-0.48853084, 1.6933607)(235.2115, 197.29868)(-0.6057026, 1.8124694)(267.9883, 201.42795)(0.06352001, 1.909944)(198.68971, 249.64493)(-1.8727933, -0.38021803)(215.2716, 218.65019)(-1.1514955, -1.3261298)
(187.45221, 108.81353)(1.3740875, -1.0646415)(174.79999, 137.90503)(1.0902643, -1.3171322)(152.00253, 311.29233)(0.21041977, 1.8993801)(138.55661, 280.48135)(-0.44332576, 1.7245282)(234.69, 199.13718)(-0.5214809, 1.8384718)(267.9411, 203.3384)(-0.047185007, 1.9104174)(196.84505, 249.14574)(-1.8446552, -0.49916753)(214.05858, 217.35938)(-1.2130293, -1.2908307)
(188.79137, 107.65273)(1.3391588, -1.1608083)(175.82799, 136.5124)(1.0279949, -1.3926297)(152.1051, 313.15878)(0.102544576, 1.8664216)(138.13167, 282.24213)(-0.42497656, 1.7608063)(234.11491, 200.9118)(-0.5750837, 1.7745985)(267.87146, 205.24811)(-0.06965497, 1.9097301)(195.00922, 248.615)(-1.8358186, -0.53074557)(212.71072, 216.12724)(-1.3478746, -1.2321256)
(190.11165, 106.48559)(1.3202676, -1.1671212)(176.8523, 135.0055)(1.024299, -1.5068918)(152.21338, 315.06674)(0.108278036, 1.9079299)(137.81279, 283.97522)(-0.3188563, 1.7330897)(233.55156, 202.61122)(-0.5633682, 1.6994194)(267.85754, 207.15906)(-0.0139155695, 1.9109495)(193.23428, 248.1264)(-1.7749305, -0.48859006)(211.35919, 214.98325)(-1.3514955, -1.1440125)
(191.4616, 105.28394)(1.3499615, -1.2016561)(177.93884, 133.54231)(1.0865428, -1.463175)(152.34984, 316.9729)(0.13645849, 1.9061217)(137.57602, 285.6764)(-0.23678595, 1.7011776)(233.01358, 204.27522)(-0.53799325, 1.6640217)(267.87885, 209.06995)(0.02129539, 1.9108813)(191.45726, 247.58041)(-1.7769992, -0.5459857)(209.97333, 213.92352)(-1.3858602, -1.0597539)
(192.89354, 104.01843)(1.4319302, -1.2655026)(179.00018, 132.04425)(1.0613394, -1.4980439)(152.51926, 318.83975)(0.1694051, 1.8668573)(137.27657, 287.44345)(-0.29947987, 1.7670742)(232.49644, 206.05605)(-0.5171006, 1.7808353)(267.82065, 210.9582)(-0.058193598, 1.8882653)(189.71461, 246.99966)(-1.7426543, -0.5807844)(208.59087, 213.0016)(-1.3824602, -0.92192143)
(194.25528, 102.67768)(1.3617295, -1.3407512)(180.15564, 130.52852)(1.1554496, -1.5157305)(152.76648, 320.7161)(0.2471908, 1.8763592)(137.0888, 289.33096)(-0.18774813, 1.8874779)(231.92107, 207.76552)(-0.57539535, 1.7094843)(267.74207, 212.7833)(-0.07862017, 1.8250961)(187.90239, 246.39317)(-1.8122146, -0.6064645)(207.20482, 212.08188)(-1.3860617, -0.9197065)
(195.59471, 101.3223)(1.3394572, -1.3553665)(181.36218, 129.04655)(1.2065375, -1.4819542)(152.94702, 322.51276)(0.18053913, 1.7966878)(136.98253, 291.19925)(-0.10627312, 1.8683119)(231.43312, 209.40512)(-0.48795667, 1.639624)(267.57666, 214.66824)(-0.16539371, 1.8849224)(186.13289, 245.79462)(-1.7695135, -0.59857136)(205.68944, 211.3231)(-1.5153984, -0.75879765)
(196.91959, 99.94513)(1.3248615, -1.3771937)(182.53719, 127.53949)(1.175004, -1.5070789)(153.01735, 324.39792)(0.070326015, 1.8851558)(136.79901, 293.0162)(-0.18353416, 1.8169992)(231.01382, 211.07951)(-0.4192814, 1.6743689)(267.4014, 216.5045)(-0.17525956, 1.8362811)(184.32199, 245.22385)(-1.8108838, -0.57077736)(204.15251, 210.71736)(-1.5369412, -0.6057588)
(198.23056, 98.55473)(1.3109975, -1.3903983)(183.65015, 126.043785)(1.1129705, -1.4957043)(153.10777, 326.3068)(0.09043633, 1.9088589)(136.56175, 294.9007)(-0.23725732, 1.8844622)(230.52463, 212.72173)(-0.48916316, 1.6422005)(267.25583, 218.31088)(-0.14552866, 1.8063701)(182.48366, 244.702)(-1.838358, -0.5218821)(202.63327, 210.15306)(-1.519256, -0.5642925)
(199.5596, 97.18156)(1.3290097, -1.3731914)(184.6999, 124.50546)(1.0497541, -1.5383)(153.0943, 328.18796)(-0.013485832, 1.881185)(136.24542, 296.7578)(-0.31635058, 1.857123)(230.04773, 214.33917)(-0.47692135, 1.6174254)(267.147, 220.15503)(-0.108861744, 1.8441191)(180.70609, 244.2046)(-1.7775595, -0.49741778)(200.9656, 209.54677)(-1.6676921, -0.60631263)
(200.91092, 95.83036)(1.3513448, -1.3512176)(185.69443, 122.891106)(0.99453884, -1.614384)(153.04442, 330.0336)(-0.04988645, 1.8456109)(135.8597, 298.6295)(-0.38573214, 1.8716655)(229.67502, 216.06915)(-0.37271056, 1.7299829)(267.054, 221.95808)(-0.09299045, 1.8030535)(178.8683, 243.7362)(-1.8377461, -0.4683829)(199.20392, 208.98213)(-1.7616647, -0.5646197)
(202.16702, 94.390236)(1.2561413, -1.4401493)(186.74287, 121.29338)(1.0484189, -1.5977293)(152.95247, 331.79654)(-0.09196894, 1.7629725)(135.49373, 300.50516)(-0.36594656, 1.8756344)(229.24646, 217.8621)(-0.42858282, 1.7929543)(266.96896, 223.72897)(-0.08498366, 1.7709005)(177.02046, 243.2767)(-1.847823, -0.4594985)(197.44609, 208.40363)(-1.7578244, -0.57849884)
(203.35603, 92.93218)(1.1890446, -1.4580792)(187.78253, 119.73838)(1.0396682, -1.5550187)(152.87836, 333.55667)(-0.07409255, 1.7601532)(135.23189, 302.3981)(-0.26182395, 1.8929789)(228.93306, 219.67227)(-0.3133938, 1.8101463)(266.86905, 225.48349)(-0.099954195, 1.7544816)(175.25565, 242.80972)(-1.764805, -0.4670104)(195.66025, 207.86444)(-1.7858565, -0.5391776)
(204.57776, 91.548195)(1.2217433, -1.3839949)(188.9134, 118.19794)(1.1308807, -1.540464)(152.778, 335.25928)(-0.10035903, 1.7026483)(134.96748, 304.269)(-0.26439658, 1.8709325)(228.54095, 221.37282)(-0.39209723, 1.7005713)(266.7122, 227.31586)(-0.15683618, 1.8323374)(173.40239, 242.34335)(-1.8532282, -0.46633247)(193.8561, 207.33392)(-1.8041837, -0.5305244)
(205.7987, 90.14749)(1.2209486, -1.4007251)(190.09404, 116.695274)(1.1806432, -1.5026652)(152.56361, 336.87625)(-0.21440199, 1.616979)(134.80598, 306.13293)(-0.16149035, 1.8638794)(228.08038, 222.96652)(-0.46056658, 1.5937169)(266.5082, 229.14429)(-0.20393755, 1.8284259)(171.55884, 241.84024)(-1.8435738, -0.5031468)(192.08524, 206.91219)(-1.7708491, -0.4217427)
(206.9925, 88.78536)(1.1937926, -1.3621008)(191.18608, 115.12701)(1.0920264, -1.5682473)(152.24396, 338.58044)(-0.31964797, 1.7042136)(134.73651, 308.0309)(-0.069450736, 1.8979703)(227.5482, 224.45863)(-0.5321832, 1.4920789)(266.33963, 231.04784)(-0.1685613, 1.9035516)(169.73636, 241.2653)(-1.8224727, -0.574904)(190.21797, 206.53984)(-1.8672264, -0.37232226)
(208.11458, 87.44957)(1.1220825, -1.3357668)(192.25424, 113.54241)(1.0681505, -1.5846059)(152.0005, 340.2598)(-0.24345917, 1.6793598)(134.7289, 309.9142)(-0.007620979, 1.8833442)(226.90887, 225.88269)(-0.63934207, 1.4240657)(266.1838, 232.95248)(-0.15580037, 1.9046383)(167.93744, 240.68695)(-1.7988836, -0.57837546)(188.33237, 206.22925)(-1.8855878, -0.31061223)
(209.30794, 86.25405)(1.1933762, -1.1955322)(193.39322, 112.01466)(1.1389445, -1.5277544)(151.82515, 341.98764)(-0.17534105, 1.7278826)(134.69345, 311.82486)(-0.03542467, 1.9106716)(226.26129, 227.18222)(-0.6475887, 1.2995279)(266.0249, 234.77875)(-0.15893942, 1.8262268)(166.14366, 240.03738)(-1.7937719, -0.6495622)(186.43489, 206.00256)(-1.8975068, -0.22669078)
(210.57779, 85.23771)(1.2698705, -1.0163162)(194.52815, 110.50614)(1.134968, -1.5085099)(151.73369, 343.79663)(-0.09145038, 1.8089496)(134.58797, 313.7329)(-0.10551869, 1.9080846)(225.50288, 228.54237)(-0.758414, 1.3601207)(265.92853, 236.66373)(-0.09637148, 1.8849789)(164.3503, 239.37729)(-1.7933872, -0.66006327)(184.54213, 205.73901)(-1.8927395, -0.2635492)
(211.93639, 84.28844)(1.358624, -0.9492974)(195.77934, 109.06173)(1.2512112, -1.4444346)(151.64656, 345.51666)(-0.08714002, 1.7200358)(134.44147, 315.63828)(-0.14647956, 1.9053777)(224.7392, 229.86989)(-0.76367104, 1.327523)(265.78403, 238.52815)(-0.14451413, 1.8644531)(162.537, 238.77405)(-1.8132787, -0.60327595)(182.64755, 205.48892)(-1.894564, -0.2500957)
(213.41008, 83.47376)(1.4736813, -0.81468695)(197.0879, 107.669)(1.3085458, -1.3927056)(151.53467, 347.31906)(-0.11187283, 1.8024005)(134.37761, 317.54825)(-0.063863195, 1.9099325)(223.88385, 231.12347)(-0.8553509, 1.2535992)(265.49902, 240.41776)(-0.285034, 1.8896234)(160.74263, 238.11661)(-1.7943518, -0.6574368)(180.74187, 205.34691)(-1.9057178, -0.14198972)
(214.97668, 82.87266)(1.5665922, -0.60109425)(198.42111, 106.299904)(1.3332217, -1.3691022)(151.44551, 349.0747)(-0.08915907, 1.7556003)(134.23666, 319.447)(-0.14096648, 1.8987715)(222.96094, 232.43283)(-0.92291397, 1.309361)(265.10977, 242.28867)(-0.3892486, 1.8709373)(158.98752, 237.41121)(-1.7551001, -0.70536166)(178.83533, 205.21666)(-1.9065548, -0.13026933)
(216.60675, 82.470604)(1.630069, -0.40207726)(199.75983, 104.94974)(1.3386856, -1.3501861)(151.33426, 350.76694)(-0.111229345, 1.6922426)(134.1211, 321.35452)(-0.1156074, 1.9074998)(222.0327, 233.74394)(-0.92824453, 1.3110759)(264.63162, 244.13892)(-0.4781341, 1.8502187)(157.22543, 236.71622)(-1.7621145, -0.69497836)(176.92772, 205.10298)(-1.9076147, -0.113697454)
(218.31665, 82.113266)(1.7099047, -0.35731697)(201.06981, 103.55835)(1.3099784, -1.3913583)(151.17435, 352.4043)(-0.15988123, 1.6373423)(134.04652, 323.26404)(-0.074567325, 1.9095447)(221.03166, 235.01231)(-1.0010482, 1.268357)(264.02072, 245.93106)(-0.61086416, 1.792147)(155.51244, 235.99672)(-1.7130325, -0.7194686)(175.11139, 205.0705)(-1.8163409, -0.032474324)
(220.00403, 81.843544)(1.687383, -0.26973993)(202.37006, 102.157875)(1.3002247, -1.4004775)(150.96106, 354.11008)(-0.21325158, 1.7057698)(133.91043, 325.1702)(-0.13607512, 1.906149)(220.15318, 236.31793)(-0.87848777, 1.3055958)(263.36163, 247.72476)(-0.6591057, 1.7937392)(153.88283, 235.17561)(-1.6296227, -0.8210932)(173.26091, 205.03488)(-1.8504734, -0.03561605)
(221.64111, 81.60788)(1.6370913, -0.23568562)(203.65619, 100.7918)(1.2861372, -1.3660946)(150.79985, 355.8363)(-0.16120888, 1.7261866)(133.81042, 327.07855)(-0.099968076, 1.9083835)(219.29416, 237.75426)(-0.85903883, 1.4363294)(262.7203, 249.5249)(-0.6413213, 1.8001744)(152.21371, 234.32451)(-1.6690978, -0.8510893)(171.43596, 204.93007)(-1.8249682, -0.10484943)
(223.27348, 81.494194)(1.6323686, -0.113718465)(204.98454, 99.45716)(1.3283575, -1.334651)(150.68684, 357.49255)(-0.11302011, 1.6562369)(133.64204, 328.98212)(-0.16838606, 1.9035668)(218.51122, 239.2219)(-0.7829794, 1.4676205)(262.0589, 251.31778)(-0.6614491, 1.7928766)(150.60188, 233.45467)(-1.6118567, -0.86985165)(169.59612, 204.84496)(-1.8398601, -0.08509174)
(224.87578, 81.521484)(1.6022772, 0.027280675)(206.34866, 98.11882)(1.3641062, -1.3383332)(150.63142, 359.18915)(-0.055407695, 1.696598)(133.42894, 330.8812)(-0.21308982, 1.8990823)(217.69388, 240.67429)(-0.81735045, 1.4523623)(261.3928, 253.07268)(-0.66610754, 1.7549217)(149.06683, 232.63132)(-1.5350392, -0.8233378)(167.68944, 204.71672)(-1.9066913, -0.12825398)
(226.43082, 81.690735)(1.5550157, 0.16925074)(207.75287, 96.82634)(1.4042352, -1.2924938)(150.60022, 360.90143)(-0.031190509, 1.7122755)(133.31012, 332.7885)(-0.11883565, 1.9073017)(216.83018, 242.17125)(-0.8636556, 1.496927)(260.76562, 254.83795)(-0.62718755, 1.7652653)(147.52155, 231.85149)(-1.5452805, -0.77985966)(165.79095, 204.49854)(-1.8985021, -0.21819969)
(228.07312, 81.923965)(1.6423405, 0.23322737)(209.1388, 95.59582)(1.385921, -1.2305377)(150.52354, 362.64297)(-0.07666983, 1.74154)(133.2703, 334.6991)(-0.03982241, 1.910585)(216.05872, 243.65042)(-0.7714917, 1.479153)(260.00494, 256.59103)(-0.76067865, 1.7530799)(145.86479, 231.04066)(-1.6567533, -0.8108398)(163.89217, 204.28285)(-1.8987901, -0.21567863)
(229.79242, 82.19343)(1.7192945, 0.26947567)(210.4769, 94.34198)(1.3381025, -1.2538426)(150.49962, 364.4078)(-0.023943227, 1.764877)(133.2096, 336.60913)(-0.06067535, 1.9100366)(215.28253, 245.12926)(-0.7761765, 1.4788661)(259.2583, 258.35016)(-0.7466409, 1.7591044)(144.15982, 230.17755)(-1.7049861, -0.86310095)(161.98874, 204.11266)(-1.9034076, -0.1701794)
(231.46518, 82.53031)(1.6727526, 0.33688906)(211.85454, 93.0675)(1.3776081, -1.2744838)(150.40907, 366.2741)(-0.090562336, 1.8662797)(133.25497, 338.5196)(0.045373198, 1.9104612)(214.57875, 246.69702)(-0.7037816, 1.5677469)(258.49097, 260.0567)(-0.7673459, 1.7065293)(142.45169, 229.32062)(-1.7080973, -0.8569272)(160.07993, 204.02179)(-1.9088378, -0.09088089)
(233.18127, 83.073204)(1.7160693, 0.54287076)(213.33662, 91.86111)(1.4820651, -1.2064015)(150.37485, 368.0547)(-0.034206625, 1.7805823)(133.30238, 340.43)(0.047382325, 1.9104124)(213.86026, 248.38202)(-0.7184702, 1.684993)(257.66425, 261.77963)(-0.8267253, 1.7229179)(140.7739, 228.41914)(-1.6777596, -0.90147734)(158.17743, 203.84203)(-1.9025267, -0.17975853)
(234.86674, 83.65169)(1.6854634, 0.5785031)(214.7655, 90.592155)(1.4288973, -1.2689261)(150.36227, 369.79068)(-0.012602892, 1.7359868)(133.37813, 342.33948)(0.07576284, 1.9094975)(213.22455, 250.05382)(-0.63567615, 1.6717991)(256.8361, 263.5019)(-0.82815963, 1.7222289)(139.16615, 227.41965)(-1.6077738, -0.99948615)(156.29266, 203.64267)(-1.8847725, -0.19936503)
