(150.32393, 152.40608)(0.0, 0.0)(151.05229, 152.09016)(0.0, 0.0)(152.3531, 252.47932)(0.0, 0.0)(150.00375, 250.85994)(0.0, 0.0)(250.0732, 150.2064)(0.0, 0.0)(250.30154, 151.6292)(0.0, 0.0)(250.7926, 250.56145)(0.0, 0.0)(250.29836, 252.03156)(0.0, 0.0)
(150.32077, 152.35661)(-0.00314914, -0.049451936)(151.0904, 152.15428)(0.038083162, 0.064138785)(152.34393, 252.38904)(-0.009155559, -0.09027358)(150.07439, 250.8882)(0.07060961, 0.02827021)(250.006, 150.21724)(-0.06719148, 0.010822535)(249.75516, 152.42247)(-0.5463565, 0.79325926)(250.88315, 250.07199)(0.090548836, -0.48946628)(250.36703, 251.9609)(0.068691984, -0.070652865)
(150.41617, 152.22223)(0.09537051, -0.13439341)(151.06104, 152.19667)(-0.029350568, 0.04236634)(152.87874, 252.7084)(0.5348097, 0.31936353)(150.24083, 250.97192)(0.16642351, 0.08374229)(249.84924, 150.28612)(-0.15673569, 0.06888732)(248.71446, 153.80246)(-1.0406708, 1.3799759)(251.48354, 248.74797)(0.60036105, -1.3240453)(250.50175, 251.85036)(0.13469297, -0.110586986)
(148.70248, 153.068)(-1.7136518, 0.84576523)(151.03366, 152.39052)(-0.027372953, 0.19385938)(153.94716, 253.37135)(1.0684303, 0.66297376)(150.39232, 251.09355)(0.15147896, 0.121624544)(249.61052, 150.40126)(-0.23872954, 0.11512768)(247.54355, 155.31274)(-1.1709262, 1.5102493)(252.34727, 247.04333)(0.8637615, -1.7046517)(250.74028, 251.64627)(0.23851483, -0.20407565)
(147.12126, 154.14111)(-1.5812463, 1.0731176)(151.07384, 152.73212)(0.04014437, 0.34161526)(155.32133, 254.27226)(1.3741866, 0.90091723)(150.59724, 251.28102)(0.20491664, 0.18745947)(249.29248, 150.48003)(-0.31804946, 0.07877472)(246.30646, 156.76927)(-1.2371196, 1.456522)(253.19897, 245.33261)(0.8516783, -1.7107207)(251.07376, 251.30782)(0.33346805, -0.33842814)
(145.60098, 155.29898)(-1.5202875, 1.1578631)(151.09084, 153.05528)(0.01698922, 0.32317254)(156.87209, 255.38902)(1.5507424, 1.116745)(150.7957, 251.55875)(0.19846736, 0.27773833)(248.96072, 150.61227)(-0.33175993, 0.13223451)(245.01857, 158.18112)(-1.2878838, 1.4118344)(254.12148, 243.65906)(0.922506, -1.6735902)(251.42728, 250.84706)(0.35354406, -0.46073803)
(144.19214, 156.59013)(-1.4088156, 1.2911854)(151.0265, 153.34688)(-0.064319566, 0.2915755)(158.42067, 256.50876)(1.5485941, 1.1197218)(150.98941, 251.79057)(0.19370057, 0.23185718)(248.6518, 150.7271)(-0.3088995, 0.114791155)(243.7601, 159.6193)(-1.2584462, 1.4381356)(255.08655, 242.00966)(0.96508825, -1.6494015)(251.7397, 250.41435)(0.3124498, -0.43269804)
(142.83617, 157.93672)(-1.3559736, 1.3465722)(150.8423, 153.72566)(-0.18418589, 0.37880042)(159.93997, 257.6679)(1.5193238, 1.1591272)(151.27832, 252.0997)(0.2889424, 0.30911183)(248.3585, 150.84747)(-0.2932858, 0.12035574)(242.5076, 161.06255)(-1.2525307, 1.4432906)(256.06982, 240.37102)(0.9832763, -1.6386241)(252.17053, 249.85194)(0.4308463, -0.56241816)
(141.53235, 159.33382)(-1.3038386, 1.3971133)(150.66933, 154.21838)(-0.17296153, 0.49273074)(161.48, 258.79935)(1.5400571, 1.1314349)(151.67354, 252.49327)(0.39521062, 0.39353797)(248.00862, 150.92603)(-0.34990597, 0.07855663)(241.27669, 162.52435)(-1.2308811, 1.4617978)(257.0746, 238.7455)(1.0047684, -1.6255343)(252.57175, 249.34889)(0.40121567, -0.50303394)
(140.23827, 160.73994)(-1.2940875, 1.4061503)(150.55025, 154.85342)(-0.11906195, 0.6350477)(163.00366, 259.9527)(1.523689, 1.1533831)(152.15015, 252.93987)(0.47661874, 0.44657236)(247.68416, 150.99649)(-0.32444853, 0.07046883)(239.9374, 163.88754)(-1.3392737, 1.3631827)(258.05878, 237.1074)(0.98417795, -1.6380826)(253.03079, 248.84119)(0.45901698, -0.5076864)
(138.9584, 162.15903)(-1.279884, 1.4190906)(150.45625, 155.44084)(-0.09397152, 0.58745456)(164.5235, 261.11115)(1.5198417, 1.1584483)(152.76106, 253.4754)(0.61091435, 0.53552985)(247.2546, 151.13725)(-0.42954773, 0.1407858)(238.59866, 165.22224)(-1.3387144, 1.3346729)(259.01718, 235.46074)(0.95840085, -1.6466836)(253.56514, 248.35455)(0.53437936, -0.48663986)
(137.74275, 163.63358)(-1.2156187, 1.4745142)(150.33142, 156.13167)(-0.124821484, 0.6908098)(166.00348, 262.3201)(1.4799821, 1.2089556)(153.4398, 254.00237)(0.67875946, 0.52695787)(246.74602, 151.38431)(-0.5085548, 0.24704269)(237.21434, 166.53967)(-1.3842958, 1.317439)(259.94638, 233.79085)(0.929168, -1.6699005)(254.1066, 247.90161)(0.54147613, -0.45294493)
(136.54903, 165.12585)(-1.1937116, 1.4923047)(150.16098, 156.94641)(-0.1704397, 0.8147614)(167.47636, 263.53766)(1.4728888, 1.2175876)(154.21336, 254.59705)(0.77354306, 0.59466434)(246.23856, 151.57205)(-0.50747687, 0.18776844)(235.78362, 167.80652)(-1.4307427, 1.266845)(260.93118, 232.15312)(0.9847862, -1.637717)(254.71663, 247.40887)(0.6100688, -0.4927391)
(135.42885, 166.67413)(-1.1201607, 1.5482769)(149.91113, 157.81664)(-0.24987693, 0.8702216)(168.98338, 264.71277)(1.5070082, 1.1750948)(154.97702, 255.18916)(0.7636427, 0.5921234)(245.68759, 151.84692)(-0.550929, 0.27489808)(234.31273, 169.0265)(-1.4709086, 1.219979)(261.99152, 230.56332)(1.0603789, -1.5898168)(255.27736, 246.8087)(0.56074136, -0.6001802)
(134.35841, 168.2572)(-1.0704209, 1.583073)(149.57985, 158.81503)(-0.33127734, 0.9983795)(170.55368, 265.80188)(1.5702814, 1.0890995)(155.73543, 255.81789)(0.75838274, 0.62874085)(245.17651, 152.21658)(-0.51110893, 0.3696531)(232.86188, 170.27023)(-1.4508667, 1.2437472)(263.10922, 229.0133)(1.1177089, -1.5500476)(255.85074, 246.11443)(0.5734019, -0.69429225)
(133.271, 169.82866)(-1.0873988, 1.5714595)(149.13513, 159.8594)(-0.44469637, 1.0443349)(172.08913, 266.9396)(1.535415, 1.1377264)(156.56679, 256.52383)(0.83137435, 0.70595235)(244.59828, 152.60892)(-0.5782309, 0.39237148)(231.43828, 171.49435)(-1.423594, 1.2240852)(264.19757, 227.44249)(1.088321, -1.5708209)(256.4351, 245.38744)(0.58438283, -0.7270039)
(132.16563, 171.38756)(-1.1053549, 1.5588814)(148.60133, 160.90363)(-0.5337927, 1.0442458)(173.61887, 268.0365)(1.5297548, 1.0969199)(157.46599, 257.16455)(0.89922, 0.64074093)(244.06084, 152.93738)(-0.5374347, 0.32848582)(230.00157, 172.75446)(-1.436717, 1.2600654)(265.39322, 225.95175)(1.1956518, -1.4907507)(257.0938, 244.66151)(0.65875274, -0.7259314)
(131.03314, 172.92683)(-1.132508, 1.5392683)(148.02554, 162.07051)(-0.5757787, 1.166883)(175.1408, 269.07364)(1.5218967, 1.037136)(158.31548, 257.73575)(0.84947175, 0.57119757)(243.55576, 153.37558)(-0.50509906, 0.43820286)(228.63348, 173.97104)(-1.3681004, 1.2165778)(266.57477, 224.44984)(1.1815679, -1.5019382)(257.71146, 243.92406)(0.6176545, -0.7374429)
(129.84694, 174.42511)(-1.1861973, 1.4982847)(147.4835, 163.17734)(-0.542003, 1.1068488)(176.64252, 270.08524)(1.5017059, 1.0116141)(159.30174, 258.36646)(0.986248, 0.6307514)(242.98965, 153.83673)(-0.5661294, 0.46111983)(227.20624, 175.24185)(-1.4272465, 1.2707827)(267.69418, 222.97829)(1.1194175, -1.4715387)(258.32266, 243.11554)(0.6112302, -0.80852973)
(128.74255, 175.9847)(-1.1043706, 1.5595789)(146.95201, 164.35606)(-0.5315103, 1.1787015)(178.21187, 271.06555)(1.5693537, 0.9803339)(160.36533, 258.98196)(1.0635707, 0.61552334)(242.44559, 154.30338)(-0.54403037, 0.46663833)(225.76466, 176.49634)(-1.4415681, 1.2545127)(268.75464, 221.52882)(1.0604358, -1.4494487)(258.88208, 242.17947)(0.55944335, -0.9360634)
(127.6559, 177.55666)(-1.0866554, 1.5719734)(146.41208, 165.53188)(-0.53994465, 1.1757957)(179.82858, 272.08444)(1.6167284, 1.0188771)(161.45227, 259.6343)(1.0869067, 0.652368)(241.82782, 154.76462)(-0.61774224, 0.46127117)(224.35533, 177.78697)(-1.4093148, 1.2906407)(269.80692, 219.9549)(1.0522872, -1.5739079)(259.47852, 241.27625)(0.59644926, -0.9031927)
(126.633736, 179.17131)(-1.0221449, 1.6146643)(145.80927, 166.69783)(-0.6028485, 1.1659735)(181.4313, 273.12527)(1.6026947, 1.0408123)(162.52455, 260.35675)(1.0722743, 0.7224855)(241.25868, 155.22348)(-0.5691443, 0.45882434)(222.95071, 179.08273)(-1.4046255, 1.2957424)(270.86194, 218.36154)(1.0550472, -1.5933602)(260.03885, 240.2445)(0.5603235, -1.0317327)
(125.65902, 180.81506)(-0.97470874, 1.6437348)(145.11134, 167.83864)(-0.6979214, 1.140826)(182.99759, 274.22003)(1.5663191, 1.09479)(163.7254, 261.16367)(1.2008591, 0.8069144)(240.60071, 155.73997)(-0.6579579, 0.51645875)(221.60236, 180.38338)(-1.3483322, 1.300618)(271.89487, 216.75378)(1.0329368, -1.607782)(260.5615, 239.20277)(0.5226609, -1.0417386)
(124.78712, 182.51558)(-0.8718789, 1.7005141)(144.45189, 169.07477)(-0.6594428, 1.2361431)(184.58679, 275.28128)(1.5892375, 1.0612471)(164.88263, 261.9743)(1.1572299, 0.8106048)(239.82689, 156.30978)(-0.7738223, 0.56979907)(220.30779, 181.67255)(-1.2945639, 1.2891884)(272.88263, 215.16882)(0.987718, -1.5849541)(261.04022, 238.01819)(0.47868845, -1.184574)
(124.02327, 184.26727)(-0.76383734, 1.7517059)(143.76866, 170.31267)(-0.6832483, 1.2379009)(186.14645, 276.3855)(1.559666, 1.1042478)(166.10379, 262.88025)(1.2211555, 0.9059595)(239.0325, 156.90688)(-0.79440284, 0.597064)(219.02213, 182.99486)(-1.2856697, 1.3223094)(273.8308, 213.52953)(0.9481902, -1.6393044)(261.47742, 236.78174)(0.43719167, -1.2364446)
(123.288414, 186.03134)(-0.7348375, 1.7640676)(143.05782, 171.5515)(-0.7108598, 1.2388115)(187.66144, 277.55032)(1.5149543, 1.1648325)(167.46199, 263.8132)(1.3582251, 0.9329563)(238.18323, 157.5785)(-0.8492471, 0.6716405)(217.73434, 184.27171)(-1.2877468, 1.2768399)(274.86298, 211.92126)(1.0321666, -1.6082765)(261.90802, 235.44711)(0.43060756, -1.3346328)
(122.65939, 187.83589)(-0.6289945, 1.8045185)(142.24843, 172.78133)(-0.80936986, 1.229819)(189.11662, 278.6836)(1.4551914, 1.1332959)(168.89523, 264.85626)(1.4332627, 1.0430183)(237.34222, 158.23326)(-0.84100616, 0.6547707)(216.42636, 185.52776)(-1.3080196, 1.256033)(275.94876, 210.37166)(1.0857801, -1.5496069)(262.33972, 234.01088)(0.43171638, -1.4362693)
(122.11412, 189.66742)(-0.5453013, 1.8315477)(141.39305, 173.96683)(-0.85536104, 1.1855165)(190.58214, 279.91006)(1.4654969, 1.2264745)(170.32166, 265.93335)(1.4263848, 1.077097)(236.54523, 159.00822)(-0.79699326, 0.7749454)(215.01776, 186.7612)(-1.408625, 1.2334312)(277.06555, 208.86554)(1.1168123, -1.5061016)(262.73682, 232.50447)(0.39709613, -1.5063936)
(121.51941, 191.48352)(-0.5947271, 1.8161004)(140.61484, 175.28854)(-0.77822566, 1.3217423)(192.03975, 281.09448)(1.4575902, 1.1844469)(171.82114, 267.118)(1.4994878, 1.184676)(235.76358, 159.80347)(-0.78165144, 0.7952265)(213.5998, 188.04236)(-1.4179685, 1.2811272)(278.17914, 207.31252)(1.1135789, -1.5530173)(263.17633, 230.85796)(0.4395294, -1.6465012)
(120.92933, 193.25114)(-0.59007937, 1.7676167)(139.74341, 176.58493)(-0.8714601, 1.2963519)(193.47809, 282.3527)(1.4383538, 1.2581971)(173.30331, 268.32434)(1.4821534, 1.206293)(234.8783, 160.62177)(-0.8852492, 0.8183023)(212.22182, 189.30533)(-1.377976, 1.2629658)(279.32394, 205.78236)(1.144809, -1.5301417)(263.63937, 229.0835)(0.46304485, -1.7744781)
(120.39812, 195.00671)(-0.53120166, 1.7555542)(138.88988, 177.86868)(-0.8535259, 1.2837276)(194.84444, 283.6282)(1.3663497, 1.2755494)(174.83824, 269.46277)(1.534899, 1.1384225)(233.87842, 161.48347)(-0.9998748, 0.86171496)(210.8552, 190.49562)(-1.3666098, 1.1903228)(280.4078, 204.20842)(1.0838295, -1.5739233)(264.12537, 227.28848)(0.48596892, -1.7950146)
(119.869896, 196.77936)(-0.52823627, 1.7726405)(138.02231, 179.223)(-0.8675802, 1.3543584)(196.19423, 284.98093)(1.3498079, 1.3527527)(176.40208, 270.56113)(1.5638272, 1.098347)(232.91321, 162.39986)(-0.9652137, 0.9163905)(209.4852, 191.7444)(-1.3700284, 1.2487962)(281.4101, 202.60117)(1.0022684, -1.6072764)(264.63083, 225.50859)(0.5054582, -1.7798566)
(119.304184, 198.6047)(-0.56568867, 1.8253541)(137.0479, 180.70822)(-0.974445, 1.4851931)(197.53807, 286.31448)(1.343853, 1.3335366)(177.93282, 271.7052)(1.530711, 1.1440476)(231.89929, 163.29936)(-1.0139158, 0.8995154)(208.08319, 193.04292)(-1.4020356, 1.2985442)(282.43127, 201.0177)(1.0211934, -1.5835034)(265.14227, 223.74161)(0.5114059, -1.766995)
(118.753845, 200.43477)(-0.5503533, 1.8300359)(136.09485, 182.19366)(-0.9530568, 1.4854159)(198.89207, 287.66302)(1.353983, 1.3485738)(179.41165, 272.855)(1.4788511, 1.1498259)(230.94113, 164.16766)(-0.958161, 0.8682899)(206.77422, 194.409)(-1.3089789, 1.366096)(283.4581, 199.44888)(1.026816, -1.5688196)(265.65744, 221.90132)(0.5151752, -1.8402488)
(118.28299, 202.19733)(-0.47085258, 1.7625693)(135.0883, 183.8181)(-1.0065395, 1.6244382)(200.30275, 288.95218)(1.4106624, 1.2891673)(180.85709, 274.105)(1.4454632, 1.2500228)(229.98143, 165.14343)(-0.9597386, 0.97577333)(205.41808, 195.75539)(-1.3561491, 1.3463955)(284.54745, 197.87874)(1.0893381, -1.5701158)(266.2496, 220.08437)(0.5921411, -1.8169452)
(117.70895, 203.99352)(-0.5740109, 1.7961898)(134.12903, 185.4709)(-0.9592919, 1.6527795)(201.66263, 290.29477)(1.3598936, 1.3426131)(182.3469, 275.30176)(1.4898376, 1.1967894)(228.98257, 166.10355)(-0.998868, 0.9601177)(204.10335, 197.14223)(-1.314746, 1.3868538)(285.5207, 196.2341)(0.97322047, -1.6446164)(266.84232, 218.26758)(0.5926674, -1.8167737)
(117.102066, 205.80463)(-0.6068553, 1.81109)(133.18582, 187.1329)(-0.94320744, 1.6620111)(203.01648, 291.59393)(1.3538809, 1.2991208)(183.80785, 276.53366)(1.4609293, 1.2319119)(228.03041, 167.14871)(-0.9521273, 1.0451988)(202.80707, 198.54636)(-1.296261, 1.4041469)(286.481, 194.6151)(0.96029234, -1.6190349)(267.38742, 216.43599)(0.5451416, -1.8315954)
(116.44025, 207.59737)(-0.66180146, 1.7927464)(132.241, 188.79404)(-0.9447993, 1.6611067)(204.41884, 292.89212)(1.4023545, 1.2982)(185.28983, 277.74023)(1.4819608, 1.2065294)(227.08589, 168.32654)(-0.94450545, 1.1778547)(201.53613, 199.95026)(-1.2709371, 1.4038656)(287.45996, 192.97394)(0.9790165, -1.6411726)(268.04056, 214.6622)(0.65312016, -1.7737782)
(115.74372, 209.36176)(-0.69652253, 1.7643968)(131.26434, 190.43666)(-0.97661936, 1.6426003)(205.7602, 294.1178)(1.3413649, 1.2257203)(186.79976, 278.91153)(1.5099642, 1.1712939)(226.12656, 169.48253)(-0.959326, 1.155988)(200.22269, 201.31061)(-1.3134388, 1.3603551)(288.42743, 191.32594)(0.9674832, -1.647998)(268.67484, 212.85957)(0.63430023, -1.8026603)
(115.03936, 211.13821)(-0.70435065, 1.7764603)(130.36658, 192.12364)(-0.8977636, 1.6869918)(207.21272, 295.2994)(1.4525374, 1.1816201)(188.32883, 280.0577)(1.5290866, 1.146218)(225.09912, 170.66618)(-1.0274712, 1.1836343)(198.93677, 202.72426)(-1.2858928, 1.4136479)(289.38684, 189.71288)(0.95941585, -1.6130505)(269.3288, 211.06395)(0.65400445, -1.7956055)
(114.41604, 212.94467)(-0.6233325, 1.8064821)(129.54619, 193.8496)(-0.82039505, 1.7259412)(208.61801, 296.48132)(1.4052975, 1.1818892)(189.77354, 281.30865)(1.444691, 1.2509154)(223.98805, 171.97635)(-1.1110754, 1.3101487)(197.6583, 204.1446)(-1.2784653, 1.4203688)(290.29813, 188.10397)(0.91129804, -1.6089175)(269.92395, 209.30367)(0.595162, -1.760296)
(113.71733, 214.7234)(-0.6986856, 1.7786961)(128.7388, 195.58167)(-0.80740017, 1.7320584)(210.06168, 297.73346)(1.4436285, 1.2521414)(191.23769, 282.53677)(1.4641273, 1.2281092)(222.94283, 173.27592)(-1.0452101, 1.2996119)(196.36255, 205.5492)(-1.2957711, 1.404599)(291.14282, 186.44331)(0.84471244, -1.6606908)(270.4582, 207.51848)(0.53423643, -1.7851659)
(112.91612, 216.43983)(-0.80122286, 1.7164477)(127.89166, 197.29465)(-0.8471049, 1.7129898)(211.44125, 298.92303)(1.3796091, 1.1895881)(192.78079, 283.664)(1.543118, 1.1272565)(221.87367, 174.56548)(-1.069136, 1.2895429)(195.08467, 206.9701)(-1.2778832, 1.4208925)(292.08456, 184.84677)(0.9417437, -1.5965215)(270.928, 205.75882)(0.4698306, -1.7596694)
(112.05126, 218.1439)(-0.864875, 1.7040868)(127.10784, 199.03754)(-0.7838222, 1.7428552)(212.87283, 300.18018)(1.4315529, 1.2571497)(194.30945, 284.81076)(1.5286895, 1.1467474)(220.68623, 175.9429)(-1.1874188, 1.3774163)(193.79562, 208.38089)(-1.2890282, 1.4107896)(293.0746, 183.32184)(0.98999107, -1.5249599)(271.4519, 203.96754)(0.5239243, -1.7912382)
(111.15571, 219.81299)(-0.89556164, 1.6690615)(126.2346, 200.72426)(-0.87325543, 1.6867145)(214.25342, 301.50146)(1.3806181, 1.3212929)(195.85799, 285.89566)(1.5485374, 1.0848697)(219.48605, 177.36592)(-1.2001673, 1.4230474)(192.55011, 209.80458)(-1.2455404, 1.4237214)(294.11908, 181.74394)(1.0444888, -1.5778997)(272.03134, 202.1465)(0.57944095, -1.8210353)
(110.30195, 221.52267)(-0.8537535, 1.7096859)(125.37223, 202.4296)(-0.8623881, 1.705347)(215.62549, 302.83163)(1.3720757, 1.3301615)(197.38971, 287.0383)(1.5317428, 1.1426657)(218.21301, 178.7911)(-1.273068, 1.4252084)(191.3944, 211.2014)(-1.1557227, 1.3968375)(295.21277, 180.18465)(1.093685, -1.5593176)(272.59482, 200.33002)(0.56344366, -1.8164682)
(109.42159, 223.19267)(-0.8803515, 1.6699667)(124.40324, 204.07666)(-0.9690205, 1.6470946)(217.0452, 304.11087)(1.419709, 1.2791979)(198.94623, 288.147)(1.5565238, 1.1086725)(216.87134, 180.15196)(-1.3416715, 1.3608227)(190.1665, 212.66571)(-1.227902, 1.4643011)(296.2118, 178.64406)(0.99901265, -1.5405698)(273.14557, 198.56181)(0.5507117, -1.7682053)
(108.50416, 224.84512)(-0.9174106, 1.6524382)(123.43707, 205.68661)(-0.96618634, 1.6099491)(218.49991, 305.35007)(1.4547383, 1.2392164)(200.47652, 289.2916)(1.5302892, 1.1446117)(215.53471, 181.51775)(-1.3366307, 1.3657745)(188.89299, 214.09053)(-1.2735099, 1.4248136)(297.12988, 177.08794)(0.9180839, -1.5561033)(273.69305, 196.73093)(0.54748005, -1.8308978)
(107.63818, 226.54863)(-0.8659681, 1.7035316)(122.440346, 207.31712)(-0.9967283, 1.6304762)(219.97777, 306.5616)(1.4778899, 1.2115124)(201.9757, 290.47668)(1.499188, 1.1850556)(214.20947, 182.89458)(-1.32526, 1.3768104)(187.70625, 215.50424)(-1.1867553, 1.4137205)(298.10568, 175.4518)(0.9757853, -1.6361603)(274.32144, 194.92624)(0.6284015, -1.804725)
(106.837715, 228.2811)(-0.80047035, 1.7324599)(121.35412, 208.88939)(-1.0862484, 1.5722548)(221.47472, 307.74954)(1.4969319, 1.1879039)(203.46185, 291.67807)(1.4861375, 1.201381)(212.90361, 184.2415)(-1.305855, 1.3469113)(186.51842, 216.8914)(-1.1878183, 1.3871316)(299.1002, 173.81993)(0.9944835, -1.6318468)(274.95172, 193.12221)(0.63031536, -1.8040575)
(106.015335, 230.00613)(-0.82236934, 1.7250015)(120.231026, 210.43555)(-1.1230972, 1.5461481)(222.96931, 308.94037)(1.4945862, 1.1908541)(204.9285, 292.9032)(1.4666513, 1.2250937)(211.533, 185.57318)(-1.3706137, 1.3316678)(185.29434, 218.25468)(-1.2240975, 1.3632656)(300.04187, 172.17276)(0.94164234, -1.6471856)(275.54205, 191.30466)(0.5903445, -1.8175298)
(105.177826, 231.72382)(-0.8374908, 1.7177109)(119.164375, 212.02116)(-1.066645, 1.5856194)(224.44385, 310.15594)(1.4745499, 1.2155755)(206.44783, 294.0623)(1.5193596, 1.1590806)(210.16568, 186.8731)(-1.3673373, 1.2999066)(183.98842, 219.6335)(-1.3058887, 1.378795)(301.03162, 170.53801)(0.98974913, -1.6347226)(276.06757, 189.54247)(0.52552325, -1.7622178)
(104.35195, 233.44194)(-0.82590663, 1.7181195)(118.10731, 213.6132)(-1.0570592, 1.5920259)(225.9844, 311.28668)(1.5405589, 1.1307516)(207.96501, 295.22415)(1.5172033, 1.1619015)(208.78358, 188.19289)(-1.3820666, 1.3197778)(182.62498, 220.97252)(-1.3634163, 1.3390359)(302.0052, 168.89362)(0.9735624, -1.644414)(276.70172, 187.83849)(0.63414264, -1.7040013)
(103.44397, 235.12349)(-0.90795773, 1.6815271)(117.12025, 215.24957)(-0.98705006, 1.6363536)(227.53845, 312.39877)(1.5540811, 1.1120938)(209.48174, 296.3867)(1.5167013, 1.1625566)(207.3656, 189.474)(-1.4179705, 1.2811248)(181.2994, 222.30583)(-1.3256099, 1.3333017)(303.03687, 167.28502)(1.0316718, -1.6085938)(277.3076, 186.15201)(0.6058556, -1.6865)
(102.61411, 236.82033)(-0.82985365, 1.6968575)(116.20722, 216.91847)(-0.9130151, 1.6689001)(229.0549, 313.49182)(1.51645, 1.0930197)(211.04137, 297.49103)(1.5596235, 1.1043077)(205.91159, 190.71408)(-1.4540029, 1.2400794)(180.04456, 223.55171)(-1.2548207, 1.2458706)(303.99503, 165.6316)(0.9581681, -1.6534312)(277.90195, 184.52377)(0.5943339, -1.628208)
(101.7276, 238.51323)(-0.8865321, 1.6929213)(115.37071, 218.63666)(-0.83649856, 1.7181942)(230.53233, 314.5746)(1.477403, 1.0827777)(212.64383, 298.53223)(1.6024408, 1.0412033)(204.48329, 191.98369)(-1.4283227, 1.2695729)(178.72502, 224.89305)(-1.3195397, 1.3413483)(304.94284, 164.01244)(0.9478424, -1.6191518)(278.51065, 182.88672)(0.60865915, -1.6370918)
(100.84903, 240.20143)(-0.87857187, 1.6881813)(114.4905, 220.33287)(-0.880227, 1.696208)(232.05615, 315.6906)(1.523804, 1.1160303)(214.25636, 299.54395)(1.6125678, 1.0117228)(203.05815, 193.25687)(-1.4251276, 1.2731586)(177.4929, 226.20932)(-1.2321285, 1.316261)(305.91177, 162.3653)(0.96890545, -1.6471623)(279.09958, 181.22975)(0.58894616, -1.6569618)
(100.01127, 241.919)(-0.83772945, 1.7175943)(113.50612, 221.97086)(-0.98436224, 1.6379719)(233.58026, 316.84344)(1.524106, 1.152832)(215.90059, 300.5178)(1.6442429, 0.97385114)(201.6774, 194.57797)(-1.3807681, 1.3211361)(176.30037, 227.52966)(-1.1925553, 1.3203065)(306.787, 160.76636)(0.8752422, -1.5989381)(279.64368, 179.56587)(0.54406357, -1.6638691)
(99.173935, 243.59428)(-0.8373556, 1.6752808)(112.5589, 223.63057)(-0.94720083, 1.6597384)(235.05956, 317.98987)(1.4792926, 1.1464285)(217.54015, 301.49954)(1.6395652, 0.98170626)(200.30515, 195.87242)(-1.372222, 1.294412)(175.03491, 228.87975)(-1.2654425, 1.3500873)(307.7488, 159.19969)(0.96181333, -1.5666627)(280.22296, 177.89508)(0.5792959, -1.6707832)
(98.33343, 245.30188)(-0.84052217, 1.707583)(111.58078, 225.27226)(-0.9781194, 1.6417077)(236.58699, 319.1383)(1.527425, 1.148431)(219.1872, 302.46866)(1.6470261, 0.9691369)(198.93266, 197.20215)(-1.3725188, 1.3297043)(173.75746, 230.19662)(-1.2774559, 1.3168614)(308.69598, 157.53996)(0.9471972, -1.6597404)(280.83612, 176.1001)(0.61316663, -1.7949755)
(97.40017, 246.9695)(-0.9332649, 1.6676145)(110.54946, 226.86476)(-1.0313455, 1.5924789)(238.1482, 320.24036)(1.5612108, 1.1020628)(220.82666, 303.4505)(1.6394705, 0.98186433)(197.52328, 198.4927)(-1.4093871, 1.2905617)(172.41106, 231.45465)(-1.3463942, 1.2579882)(309.5527, 155.90414)(0.8567223, -1.6358362)(281.44907, 174.34879)(0.61293876, -1.7513087)
(96.51759, 248.56677)(-0.8825498, 1.5972966)(109.550934, 228.49414)(-0.9985083, 1.6293871)(239.69112, 321.2737)(1.5429205, 1.033343)(222.46364, 304.43652)(1.6369735, 0.9860215)(196.07498, 199.73938)(-1.44833, 1.2467)(171.05293, 232.727)(-1.3581333, 1.2723471)(310.31915, 154.30278)(0.76640993, -1.6013881)(282.07358, 172.54266)(0.6244781, -1.8060863)
(95.705414, 250.18443)(-0.8121628, 1.6176617)(108.49804, 230.08894)(-1.0528673, 1.5948014)(241.28178, 322.23016)(1.5906887, 0.95647496)(224.07657, 305.46136)(1.6129477, 1.0248519)(194.5679, 200.91443)(-1.5070496, 1.1750416)(169.73607, 234.0349)(-1.3168515, 1.3079071)(311.1262, 152.6471)(0.80702823, -1.655706)(282.6845, 170.73193)(0.610889, -1.810728)
(94.95401, 251.83919)(-0.7514325, 1.6547393)(107.44394, 231.6829)(-1.0541077, 1.5939817)(242.8686, 323.20187)(1.5868006, 0.97169936)(225.67735, 306.50507)(1.6008127, 1.0437049)(193.06923, 202.10017)(-1.4986485, 1.1857378)(168.35803, 235.35889)(-1.3780452, 1.3239759)(311.83145, 150.89294)(0.70522106, -1.7541468)(283.34796, 168.9744)(0.66344786, -1.7575431)
(94.10031, 253.48647)(-0.8536652, 1.6472908)(106.40757, 233.242)(-1.0363992, 1.5590755)(244.4985, 324.19955)(1.6299183, 0.9976409)(227.20277, 307.6562)(1.5253998, 1.1511197)(191.52069, 203.21997)(-1.5485302, 1.1198105)(167.0, 236.67111)(-1.3580258, 1.3122268)(312.61252, 149.14886)(0.78109276, -1.7440801)(284.01886, 167.185)(0.67089355, -1.7893639)
(93.23754, 255.19159)(-0.8628039, 1.7051364)(105.30562, 234.80328)(-1.1019745, 1.5612732)(246.06664, 325.12344)(1.5680944, 0.923854)(228.72179, 308.8157)(1.5190234, 1.1595209)(189.95667, 204.31802)(-1.564031, 1.0980564)(165.62671, 238.00005)(-1.3732965, 1.3289009)(313.33517, 147.44705)(0.7226187, -1.7018119)(284.74094, 165.41566)(0.72207934, -1.7693284)
(92.36461, 256.89157)(-0.8729415, 1.6999689)(104.26699, 236.31897)(-1.038614, 1.5156866)(247.67436, 326.02124)(1.6077116, 0.89782697)(230.21922, 310.00296)(1.4974277, 1.1872791)(188.45323, 205.49767)(-1.5034305, 1.1796687)(164.22684, 239.23656)(-1.3998656, 1.2364982)(314.10995, 145.80792)(0.77474463, -1.6390936)(285.47482, 163.65503)(0.7338656, -1.7606201)
(91.46268, 258.57635)(-0.90194875, 1.6847581)(103.19919, 237.90382)(-1.067781, 1.5848547)(249.25835, 326.98108)(1.5839711, 0.95983815)(231.64685, 311.27332)(1.4276111, 1.2703731)(186.97011, 206.70277)(-1.4831349, 1.205086)(162.85507, 240.48346)(-1.3717369, 1.2468905)(314.9191, 144.19954)(0.8091231, -1.6083789)(286.23254, 161.90067)(0.7577049, -1.7543671)
(90.546165, 260.25327)(-0.9164796, 1.6768979)(102.17758, 239.5188)(-1.02164, 1.6149839)(250.84209, 328.05054)(1.5837216, 1.0694609)(233.0251, 312.59708)(1.3782564, 1.3237561)(185.4578, 207.87105)(-1.5122927, 1.1682856)(161.44434, 241.7725)(-1.4107667, 1.2890533)(315.63718, 142.52013)(0.71811765, -1.6793969)(287.0159, 160.15758)(0.78336, -1.7430629)
(89.73002, 261.8681)(-0.8161229, 1.6148002)(101.10408, 241.09976)(-1.0735345, 1.5809634)(252.4217, 329.09567)(1.579608, 1.0451281)(234.42455, 313.89838)(1.3994539, 1.3013264)(183.91049, 208.99257)(-1.5472769, 1.1215416)(159.96103, 242.9774)(-1.4833043, 1.2048774)(316.34933, 140.85832)(0.7121403, -1.661813)(287.76343, 158.39888)(0.7475737, -1.7587082)
(88.99911, 263.43726)(-0.7309317, 1.5691396)(100.05967, 242.70009)(-1.0443932, 1.6003637)(253.96034, 330.07202)(1.5386437, 0.9763039)(235.81468, 315.1316)(1.3901266, 1.233226)(182.3977, 210.16017)(-1.5128118, 1.1676137)(158.52122, 244.23392)(-1.4398355, 1.256501)(317.08005, 139.20978)(0.73069084, -1.6485534)(288.52588, 156.6764)(0.76244104, -1.7224522)
(88.24622, 264.9876)(-0.7528611, 1.5503643)(98.9934, 244.27902)(-1.0662893, 1.5789417)(255.45874, 331.15256)(1.4984155, 1.0805367)(237.20831, 316.43918)(1.3936133, 1.3075792)(180.90329, 211.35123)(-1.4944109, 1.1910739)(157.09207, 245.5025)(-1.4291668, 1.2686228)(317.717, 137.4635)(0.63691825, -1.74627)(289.3405, 154.99472)(0.81462806, -1.681678)
(87.54167, 266.62183)(-0.7045468, 1.6342094)(97.90839, 245.85216)(-1.085022, 1.5731016)(257.03656, 332.18283)(1.5778202, 1.0302509)(238.53342, 317.81616)(1.3251059, 1.3769587)(179.46106, 212.55301)(-1.4422675, 1.2018148)(155.65395, 246.761)(-1.4380949, 1.258493)(318.26813, 135.71591)(0.55108804, -1.7475916)(290.107, 153.32567)(0.7664819, -1.6690803)
(86.817924, 268.22253)(-0.7237632, 1.6007155)(96.86004, 247.44995)(-1.0483453, 1.5977774)(258.64114, 333.1502)(1.6045747, 0.9673559)(239.87726, 319.17487)(1.3438059, 1.3587153)(178.03058, 213.73431)(-1.4304812, 1.1813293)(154.13292, 247.91791)(-1.5210074, 1.1569173)(318.82822, 133.88885)(0.56008, -1.8270828)(290.9389, 151.62363)(0.83190703, -1.7020597)
(86.17026, 269.91895)(-0.6476726, 1.6964122)(95.7773, 249.02463)(-1.0827446, 1.57467)(260.227, 334.18933)(1.5858874, 1.0391338)(241.24863, 320.46432)(1.3713725, 1.2894728)(176.66464, 214.9551)(-1.365932, 1.2207861)(152.58542, 249.03911)(-1.5475218, 1.1212035)(319.4547, 132.08347)(0.62647885, -1.8053935)(291.77728, 149.90637)(0.83837223, -1.7172807)
(85.707466, 271.74243)(-0.4628197, 1.8234967)(94.66706, 250.58008)(-1.1102238, 1.5554177)(261.76822, 335.21918)(1.5412399, 1.0298505)(242.58163, 321.73907)(1.3329828, 1.2747114)(175.17043, 216.11412)(-1.4942446, 1.1590382)(150.9833, 250.06877)(-1.602138, 1.0296478)(319.96378, 130.24155)(0.5090641, -1.8419487)(292.56, 148.18004)(0.7827107, -1.7263371)
(85.39534, 273.5033)(-0.31212065, 1.7608633)(93.678116, 252.21529)(-0.9889348, 1.6352154)(263.24103, 336.37067)(1.4728528, 1.1515025)(244.01085, 322.96808)(1.4291834, 1.228993)(173.73134, 217.21352)(-1.4390666, 1.0993872)(149.47353, 251.10434)(-1.5097466, 1.0355483)(320.3669, 128.3736)(0.40317234, -1.8679863)(293.45276, 146.4904)(0.8927531, -1.6896487)
(85.18314, 275.19064)(-0.21218364, 1.68736)(92.77771, 253.81982)(-0.9003881, 1.6045578)(264.68536, 337.53528)(1.444325, 1.164599)(245.4564, 324.17502)(1.4455364, 1.206949)(172.16318, 218.25847)(-1.5681423, 1.0449672)(147.9005, 252.18951)(-1.5730172, 1.0851443)(320.78558, 126.510605)(0.41863596, -1.8629875)(294.2919, 144.7735)(0.8391286, -1.7169113)
(85.0899, 276.95816)(-0.09326768, 1.7674866)(91.87251, 255.50284)(-0.9051958, 1.6830157)(266.1914, 338.71014)(1.5060297, 1.1748778)(246.86948, 325.46158)(1.4130615, 1.2865374)(170.56712, 219.25468)(-1.5960847, 0.9962003)(146.30186, 253.23653)(-1.5986502, 1.047014)(321.21835, 124.692505)(0.43277058, -1.8181137)(295.17398, 143.07828)(0.8821228, -1.6952227)
(85.14795, 278.76758)(0.058045797, 1.8094411)(91.03966, 257.22278)(-0.8328402, 1.7199706)(267.70538, 339.87622)(1.5139892, 1.1660864)(248.22804, 326.80554)(1.3585391, 1.3439838)(169.02313, 220.37068)(-1.5440098, 1.1159865)(144.77567, 254.17812)(-1.5262216, 0.94159895)(321.64752, 122.83031)(0.42912552, -1.8621955)(296.0701, 141.3904)(0.8961535, -1.6878479)
(85.2297, 280.63663)(0.08175197, 1.869056)(90.34247, 259.00204)(-0.69720167, 1.7792783)(269.194, 341.04486)(1.4886098, 1.1686277)(249.55228, 328.18332)(1.3242446, 1.3777874)(167.519, 221.54942)(-1.5041424, 1.1787606)(143.338, 255.20052)(-1.4376409, 1.0224224)(322.111, 120.97638)(0.46347973, -1.8539437)(296.9406, 139.6892)(0.87055457, -1.7011925)
(85.35959, 282.54318)(0.12991278, 1.906579)(89.61103, 260.76755)(-0.7314373, 1.7654802)(270.6956, 342.22684)(1.501619, 1.1819735)(250.84929, 329.58676)(1.2970501, 1.4034181)(166.06155, 222.78549)(-1.4574218, 1.2360595)(141.81898, 256.32635)(-1.5190272, 1.1258613)(322.4947, 119.10534)(0.38373932, -1.8710382)(297.76697, 137.96613)(0.82636994, -1.7230885)
(85.58146, 284.44128)(0.22184327, 1.8980796)(88.96484, 262.566)(-0.6461788, 1.7984365)(272.16373, 343.42114)(1.4681734, 1.1943233)(252.18617, 330.95233)(1.3368613, 1.3655487)(164.63388, 224.05586)(-1.4276423, 1.270338)(140.31198, 257.50146)(-1.5069919, 1.1751156)(322.9723, 117.26976)(0.47760198, -1.8355876)(298.54916, 136.22255)(0.78220195, -1.7435828)
(85.96977, 286.3124)(0.3882883, 1.8711368)(88.379326, 264.38513)(-0.5855184, 1.8190901)(273.6613, 344.60822)(1.4975879, 1.1870769)(253.51344, 332.32718)(1.3272825, 1.3748608)(163.15392, 225.26479)(-1.4799963, 1.2089382)(138.74036, 258.5886)(-1.5716518, 1.087121)(323.38235, 115.40329)(0.4100661, -1.8664851)(299.2881, 134.46016)(0.73888814, -1.7623749)
(86.39075, 288.17642)(0.42095876, 1.8640587)(87.906944, 266.23682)(-0.47239232, 1.8516929)(275.20105, 345.74)(1.5398088, 1.1317729)(254.7998, 333.66916)(1.2863832, 1.3420038)(161.759, 226.57094)(-1.3949306, 1.3061736)(137.09567, 259.56174)(-1.6446817, 0.9731103)(323.8546, 113.5516)(0.47228953, -1.851719)(300.0921, 132.72652)(0.8040292, -1.7336257)
(86.95881, 290.001)(0.56806153, 1.8246169)(87.5858, 268.12012)(-0.321123, 1.8833095)(276.694, 346.87762)(1.4929379, 1.13762)(256.10428, 335.04645)(1.3044786, 1.3772613)(160.28566, 227.78792)(-1.4733795, 1.2169938)(135.46078, 260.55118)(-1.6349204, 0.98942214)(324.25943, 111.71573)(0.40480298, -1.8358495)(300.8328, 130.96487)(0.74068475, -1.7616206)
